DELTAw=0.002933 # FOUND
epsilon_c=0.4444 # FOUND
h_ex=43266 # FOUND
h_ex_air=293549 # FOUND
h_su=63037 # FOUND
h_su_air=305605 # FOUND
L_fg=2.500e6 # FOUND
P=100000 # FOUND
q=19771 # FOUND
q_l=7333 # FOUND
q_s=12056 # FOUND
RH_c=1 # FOUND
RH_su=0.4 # FOUND
T_c=5 # FOUND
T_ex=20 # FOUND
T_su=32 # FOUND
w_c=0.005469 # FOUND
w_ex=0.009135 # FOUND
w_su=0.01207 # FOUND
