AU = 5.624235063984e+02
C_dot_cold = 1.256538186784e+04
C_dot_hot = 1.328724147517e+04
C_dot_max = 1.328724147517e+04
C_dot_min = 1.256538186784e+04
C_r = 9.456727260747e-01
cp_CO2 = 5.854342395285e+03
cp_w = 4.188460622612e+03 "J/kg-K"
DELTAh = 1.032055687092e+04
DELTAh_turb = 5.177181763354e+04
DELTAT_cool = 2.500000000000e+01
DELTAT_loss[3] = 2.000000000000e+00
DELTAT_loss[5] = 2.000000000000e+00
DELTAT_loss[7] = 2.000000000000e+00
DELTAT_sun = 1.500000000000e+02
Dh = 4.437040167346e+00
Dh_turb = 2.225787205570e+01
e00 = 5.765000000000e+01
e01 = -2.713000000000e+01
e02 = 8.045000000000e-01
e03 = 1.739000000000e-02
e04 = -9.196000000000e-04
e05 = 2.018000000004e-05
e10 = 2.784000000000e+01
e11 = 1.079000000000e+01
e12 = -8.106000000000e-01
e13 = 9.117000000000e-03
e14 = -4.917000000000e-04
e20 = 2.377000000000e+01
e21 = 1.824000000000e+00
e22 = 1.345000000000e-01
e23 = 6.088000000000e-03
e30 = -2.278000000000e+01
e31 = -1.027000000000e+00
e32 = -5.374000000000e-02
e40 = 5.788000000000e+00
e41 = 2.459000000000e-01
e50 = -6.498000000000e-01
epsilon = 6.261536490439e-01
eta_s = 6.241060822266e-01
eta_t = 8.820194724090e-01
h[10] = 3.109483401384e+05
h[1] = 3.109483401384e+05 "J/kg"
h[2] = 3.212688970093e+05 "J/kg"
h[3] = 1.032430175997e+06 "J/kg"
h[4] = 1.030304380648e+06 "J/kg"
h[5] = 1.214972405896e+06 "J/kg"
h[6] = 1.217632064100e+06 "J/kg"
h[7] = 1.165860246466e+06 "J/kg"
h[8] = 1.168468179008e+06 "J/kg"
h[9] = 4.573069000205e+05 "J/kg"
h_is = 3.173894624535e+05 "J/kg"
h_is_t = 1.158935154051e+06 "J/kg"
k00 = 2.832000000000e+01
k01 = 1.296000000000e+01
k02 = -5.955000000000e-02
k10 = -4.254000000000e-01
k11 = -6.651000000000e-01
k20 = 2.893000000000e-01
m_dot = 2.269638599524e+00
m_dot_H2O = 3.000000000000e+00
md = 5.003696599928e+00
NTU = 4.475976236250e-02
omega = 7.853981633975e+03
p00 = 7.410000000000e+01
p01 = -4.885000000000e+01
p02 = 1.643000000000e+01
p03 = 1.193000000000e-02
p04 = 4.961000000000e-02
p05 = 2.922000000000e-03
p10 = 1.150000000000e+01
p11 = 5.760000000000e+00
p12 = -6.184000000000e+00
p13 = 3.933000000000e-02
p14 = -1.717000000000e-02
p20 = -2.579000000000e+00
p21 = 2.234000000000e+00
p22 = 5.891000000000e-01
p23 = 1.292000000000e-02
p30 = -2.030000000000e-01
p31 = -3.220000000000e-01
p32 = -2.502000000000e-02
p40 = 4.759000000000e-02
p41 = 1.318000000000e-02
p50 = -2.050000000000e-03
P[10] = 7.687650000000e+06
P[1] = 7.687650000000e+06 "Pa"
P[2] = 1.164808440788e+07 "Pa"
P[3] = 1.164808440788e+07 "Pa"
P[4] = 1.129864187565e+07 "Pa"
P[5] = 1.129864187565e+07 "Pa"
P[6] = 1.095968261938e+07 "Pa"
P[7] = 7.925412371134e+06 "Pa"
P[8] = 7.687650000000e+06 "Pa"
P[9] = 7.687650000000e+06 "Pa"
P_ex = 1.164808440788e+07
P_is = 1.164808440788e+07 "Pa"
p_su = 7.687650000000e+06
P_w = 1.013250000000e+05 "Pa"
pi = 3.141592653590e+00
Q_dot_cool = 3.321810368792e+05
r_p = 1.515168407496e+00
RPM = 7.500000000000e+04
s[10] = 1.361820545938e+03
s[1] = 1.361820545938e+03 "J/kg-K"
s[2] = 1.374000537055e+03 "J/kg-K"
s[3] = 2.842342342431e+03 "J/kg-K"
s[4] = 2.845579740781e+03 "J/kg-K"
s[5] = 3.053795774560e+03 "J/kg-K"
s[6] = 3.062439613915e+03 "J/kg-K"
s[7] = 3.069968823794e+03 "J/kg-K"
s[8] = 3.078631137742e+03 "J/kg-K"
s[9] = 1.832089353417e+03 "J/kg-K"
s_is = 1.361820545938e+03 "J/kg-K"
t00 = 1.749000000000e+02
t01 = 1.332000000000e+01
t02 = -1.202000000000e-01
t03 = 1.934000000000e-03
t10 = -1.582000000000e+02
t11 = -3.034000000000e+00
t12 = -2.777000000000e-02
t20 = 4.527000000000e+01
t21 = 5.697000000000e-01
t30 = -4.875000000000e+00
T[10] = 3.222000000000e+01
T[1] = 3.222000000000e+01 "C"
T[2] = 4.579797061367e+01 "C"
T[3] = 5.424990398681e+02 "C"
T[4] = 5.404990398681e+02 "C"
T[5] = 6.904990398681e+02 "C"
T[6] = 6.924990398681e+02 "C"
T[7] = 6.494291983567e+02 "C"
T[8] = 6.514291983567e+02 "C"
T[9] = 5.722000000000e+01 "C"
T_H2O_in = 1.500000000000e+01
T_su = 3.222000000000e+01
T_w = 1.500000000000e+01 "C"
W_dot = 2.342393424282e+04
W_dot_t = 1.175033156686e+05
xsi = 9.700000000000e-01
