# Thermodynamic state variables - calculated using CoolProp with R744 (CO2)
# These values use CoolProp's reference state (ASHRAE: h=0 at -40°C)

# Temperatures (Celsius)
T[1]=32.2200
T[2]=45.8189
T[3]=158.1947
T[4]=156.1947
T[5]=306.1947
T[6]=304.1947
T[7]=272.4658
T[8]=270.4658
T[9]=57.2200
T[10]=32.2200

# Pressures (Pa)
P[1]=7687650.0
P[2]=11650000.0
P[3]=11650000.0
P[4]=11300500.0
P[5]=11300500.0
P[6]=10961485.0
P[7]=7925000.0
P[8]=7687250.0
P[9]=7687650.0
P[10]=7687650.0

# Enthalpies (J/kg)
h[1]=310948.3
h[2]=321342.1
h[3]=574314.1
h[4]=573407.9
h[5]=752627.6
h[6]=751027.1
h[7]=721791.3
h[8]=710278.9
h[9]=457306.9
h[10]=310948.3

# Entropies (J/kg-K)
s[1]=1361.8205
s[2]=1374.2204
s[3]=2081.9195
s[4]=2084.7207
s[5]=2443.5200
s[6]=2446.3465
s[7]=2453.6771
s[8]=2437.9257
s[9]=1832.0894
s[10]=1361.8205

# Auxiliary thermodynamic variables
h_is=310414.0
h_is_t=723109.0
T_su=305.37
P_is=11650000.0
P_ex=11650000.0
p_su=7687650.0

# Heat exchanger and performance variables
AU=572.1
cp_CO2=5854
cp_w=4184
C_dot_cold=12551
C_dot_hot=13285
C_dot_max=13285
C_dot_min=12551
C_r=0.9448
DELTAh=10320
DELTAh_turb=51755
DELTAT_cool=25
DELTAT_sun=150
Dh=4.437
Dh_turb=22.25
epsilon=0.6267
eta_s=0.6241
eta_t=0.882
NTU=0.04558
Q_dot_cool=332119
r_p=1.515
W_dot=23419
W_dot_t=117440
xsi=0.97

# Mass flow and speed variables
md=5.003
m_dot=2.269
m_dot_H2O=3
omega=7854
RPM=75000

# Cooler variables
T_H2O_in=288.2
T_w=288.2
P_w=101325

# Compressor polynomial coefficients
p00=74.1
p01=-48.85
p02=16.43
p03=0.01193
p04=0.04961
p05=0.002922
p10=11.5
p11=5.76
p12=-6.184
p13=0.03933
p14=-0.01717
p20=-2.579
p21=2.234
p22=0.5891
p23=0.01292
p30=-0.203
p31=-0.322
p32=-0.02502
p40=0.04759
p41=0.01318
p50=-0.00205

# Turbine polynomial coefficients
t00=174.9
t01=13.32
t02=-0.1202
t03=0.001934
t10=-158.2
t11=-3.034
t12=-0.02777
t20=45.27
t21=0.5697
t30=-4.875

# Turbine efficiency polynomial coefficients
e00=57.65
e01=-27.13
e02=0.8045
e03=0.01739
e04=-0.0009196
e05=0.00002018
e10=27.84
e11=10.79
e12=-0.8106
e13=0.009117
e14=-0.0004917
e20=23.77
e21=1.824
e22=0.1345
e23=0.006088
e30=-22.78
e31=-1.027
e32=-0.05374
e40=5.788
e41=0.2459
e50=-0.6498

# RPM polynomial coefficients
k00=28.32
k01=12.96
k02=-0.05955
k10=-0.4254
k11=-0.6651
k20=0.2893
