A_su_cp = 7.853981633974e-01
alpha_cp = 3.150000000000e-01
AU_amb_cp = 1.000000000000e-02
AU_ex2_cp = 5.000000000000e-02
AU_su1_cp = 6.182229966469e-03
AUDamb_cp = 3.208488604401e+00
AUDex_cp = 1.604244302201e+01
AUDsu_cp = 1.983561439720e+00
C_dot_ex2_cp = 1.788793921480e+01
C_dot_su1_cp = 1.342307925357e+01
c_p_ex2_cp = 9.758911111993e+02 "J/kg-K"
c_p_su1_cp = 7.323070349909e+02 "J/kg-K"
C_sd_cp = 4.000000000000e-03
C_su_cp = 1.128852111640e-03
COP_c = 1.352933544294e+01
COP_h = 1.449269639819e+01
d_su_cp = 1.000000000000e+00
DELTAp_ex1_cp = 0.000000000000e+00
DELTAp_su1_cp = 1.321313902736e-08
DELTAt_ex12_cp = -2.283084030883e+00
DELTAt_sc_cd = 5.000000000000e+00
DELTAt_sh_ev = 5.000000000000e+00
DELTAt_su12_cp = 3.903264239608e-01
epsilon_ex2_cp = 2.791276567827e-03
epsilon_s_cp = 2.350045889856e+00
epsilon_su1_cp = 4.604611506860e-04
epsilon_v_cp = 9.979884384038e-01
fluid$ = 0.000000000000e+00
FMEP_0_cp = 2.378121284186e+01
FMEP_cp = 6.069761354578e+04
h_ex1_cp = 4.205225506289e+05 "J/kg"
h_ex2_cp = 4.183151915426e+05 "J/kg"
h_ex_cd = 2.430415740787e+05 "J/kg"
h_ex_cp = 4.205225506289e+05 "J/kg"
h_ex_ev = 4.087250053425e+05 "J/kg"
h_exs_cp = 4.375042213136e+05 "J/kg"
h_su1_cp = 4.087250053425e+05 "J/kg"
h_su2_cp = 4.090107622052e+05 "J/kg"
h_su_cd = 4.205225507049e+05 "J/kg"
h_su_cp = 4.087250053425e+05 "J/kg"
h_su_ev = 2.430415740787e+05
IMEP_cp = 1.919761461343e+05
M_dot = 1.832985156798e-02
M_dot_ref = 2.500000000000e-01
Madim = 7.331940627194e-02
N_0_cp = 4.833333333333e+01
N_cp = 5.105663317342e+00
N_nom_cp = 5.000000000000e+01
NTU_ex2_cp = 2.795179444630e-03
NTU_su1_cp = 4.605671954759e-04
p_ad_cp = 1.544877657739e+06 "Pa"
p_cd = 1.533579711603e+06 "Pa"
p_ev = 4.979878916446e+05 "Pa"
p_ex1_cp = 1.533579711603e+06 "Pa"
p_ex2_cp = 1.533579711603e+06 "Pa"
p_ex_cp = 1.533579711603e+06 "Pa"
p_su1_cp = 4.979878916446e+05 "Pa"
p_su2_cp = 4.979878916446e+05 "Pa"
p_su_cp = 4.979878916446e+05 "Pa"
pi = 3.141592653590e+00
Q_dot_amb_cp = -8.224429447491e+00
Q_dot_cd = 3.253199957698e+03
Q_dot_ev = 3.036952702339e+03
Q_dot_ex2_cp = 4.046056440924e+01
Q_dot_su1_cp = 5.237880877254e+00
R_p_cp = 3.079552208666e+00
R_v_i_cp = 2.775000000000e+00
s_su2_cp = 1.765045685944e+03 "J/kg-K"
s_su_cp = 1.764019057977e+03 "J/kg-K"
t_ad_cp = 6.383907441815e+01 "C"
t_amb_cp = 3.000000000000e+01
t_cd = 4.000000000000e+01 "C"
T_ev = 0.000000000000e+00 "C"
t_ex1_cp = 4.438326834988e+01 "C"
t_ex2_cp = 4.210018431900e+01 "C"
t_ex_cd = 3.500000000000e+01 "C"
t_ex_cp = 4.438326834988e+01 "C"
t_ex_ev = 5.000000000000e+00 "C"
t_su1_cp = 5.000000000732e+00 "C"
t_su2_cp = 5.390326424692e+00 "C"
t_su_cd = 4.438326834988e+01 "C"
t_su_cp = 5.000000000000e+00 "C"
t_w_cp = 8.524429447491e+02
V_dot_s_cp = 8.883854172176e-04
V_dot_su_cp = 8.865983752297e-04
v_fi_cp = 1.746543816244e-02 "kg/m^3"
v_in_cp = 4.846659090078e-02 "kg/m^3"
V_s_cp = 1.740000000000e-04
v_su1_cp = 4.836909736801e-02 "kg/m^3"
v_su2_cp = 4.846659090078e-02 "kg/m^3"
v_su_cp = 4.836909736783e-02 "kg/m^3"
w = 1.224623574178e+04
w_ad = 2.903678729677e+04
W_dot = 2.244716834133e+02
W_dot_in = 1.705488086793e+02
W_dot_loss = 5.392287473398e+01
W_dot_loss0 = 2.000000000000e-01
w_in = 9.304429337398e+03
w_nad = -1.973235795937e+04
w_s = 2.877921597116e+04
fluid$ = 'R22'
